source_surf = .false. 
xs = 0.0000000 
zs = 0.0045000 
source_type = 1 
time_function_type = 1 
name_of_source_file          = /home/linuxone/csp2d_base/DATA/sources/0005 
burst_band_width = 200.415 
f0 = 1500000.000 
tshift = 0 
anglesource = 0.00 
Mxx = 1.000000 
Mzz = 1.000000 
Mxz = 0.000000 
factor = 1000.000 
vx =  0.0 
vz  = 0.0 
